14 19
00 00 01 10 20 00 00 00 00 00 00 00 00 00 00 00 00 00 00 
00 00 30 10 30 10 20 00 10 20 10 10 00 00 00 00 00 00 00 
10 30 20 30 10 20 02 00 10 20 20 10 00 00 00 00 00 00 00 
10 30 10 10 20 10 10 20 10 10 10 10 10 20 00 00 00 00 00 
10 10 20 20 10 20 20 20 10 01 10 00 00 10 00 00 00 00 00 
30 20 20 10 20 20 30 10 20 10 30 30 10 10 20 00 00 00 00 
00 20 20 30 10 20 20 20 20 10 20 20 02 10 00 00 00 00 00 
20 10 10 10 10 10 20 00 20 20 10 00 20 20 30 00 00 00 00 
10 10 30 10 10 10 10 20 10 10 10 00 20 10 00 00 00 00 00 
10 10 10 10 10 10 10 10 10 30 10 00 30 20 01 00 00 00 00 
00 10 30 10 10 30 10 30 10 20 30 00 10 00 00 02 00 00 00 
00 10 20 10 20 30 10 10 10 10 20 20 10 10 10 00 00 00 00 
00 00 30 10 10 10 00 10 10 20 00 10 00 00 00 00 00 00 00 
00 00 00 10 10 10 00 00 20 00 00 00 00 00 00 00 00 00 00 
kliveninc1 1 20
kliveninc2 2 26
